,id,datetime,total_tests,total_cases,total_recovered,total_deaths,total_critical,last_tests,last_cases,last_recovered,last_deaths,last_critical,reference
0,4,2021-05-08T12:46:11,"12,149,935","854,240","752,712","18,797","4,986","48,103","4,109","4,957",120,0,https://covid.gov.pk/
1,5,2021-05-09T05:05:44,"12,190,671","858,026","757,281","18,915","4,903","40,736","3,785","4,569",118,0,https://covid.gov.pk/
2,6,2021-05-10T05:17:07,"12,228,427","861,473","762,105","18,993","4,846","37,756","3,447","4,824",78,0,https://covid.gov.pk/
3,7,2021-05-11T04:17:53,"12,267,310","864,557","766,492","19,106","4,859","38,883","3,084","4,387",113,13,https://covid.gov.pk/
4,8,2021-05-12T04:21:57,"12,310,875","867,438","771,692","19,210","4,707","38,616","2,869","5,200",104,0,https://covid.gov.pk/
5,9,2021-05-13T04:23:26,"12,349,976","870,703","776,315","19,336","4,567","39,101","3,265","4,623",126,0,https://covid.gov.pk/
6,10,2021-05-14T04:24:40,"12,380,676","873,220","780,438","19,384","4,330","30,700","2,517","4,123",48,0,https://covid.gov.pk/
7,12,2021-05-15T05:21:17,"12,410,924","874,751","783,480","19,467","4,387","30,248","1,531","3,042",83,57,https://covid.gov.pk/
8,13,2021-05-16T05:23:31,"12,444,042","877,130","788,768","19,543","4,376","30,402","2,379","5,288",76,0,https://covid.gov.pk/
9,14,2021-05-17T04:24:44,"12,480,767","880,362","792,522","19,617","4,443","36,725","3,232","3,754",74,67,https://covid.gov.pk/
10,15,2021-05-18T04:25:38,"12,510,568","882,928","795,511","19,752","4,361","29,801","2,566","2,989",135,0,https://covid.gov.pk/
11,16,2021-05-19T04:21:54,"12,552,339","886,184","799,951","19,856","4,549","41,771","3,256","4,440",104,188,https://covid.gov.pk/
12,17,2021-05-20T04:23:37,"12,603,469","890,391","804,122","19,987","4,517","51,130","4,207","4,171",131,0,https://covid.gov.pk/
13,18,2021-05-21T04:24:57,"12,654,997","893,461","810,143","20,089","4,424","51,528","3,070","6,021",102,0,https://covid.gov.pk/
14,19,2021-05-22T04:26:10,"12,717,235","897,468","813,855","20,177","4,412","62,238","4,007","3,712",88,0,https://covid.gov.pk/
15,20,2021-05-23T04:31:01,"12,779,296","900,552","817,681","20,251","4,392","62,061","3,084","3,826",74,0,https://covid.gov.pk/
16,21,2021-05-24T04:15:35,"12,837,818","903,599","820,374","20,308","4,763","58,670","3,060","2,693",57,0,https://covid.gov.pk/
17,22,2021-05-25T05:30:45,"12,884,544","905,852","823,157","20,400","4,723","46,726","2,253","2,783",92,0,https://covid.gov.pk/
18,23,2021-05-26T04:42:36,"12,943,620","908,576","827,843","20,465","4,242","59,076","2,724","4,686",65,0,https://covid.gov.pk/
19,24,2021-05-27T04:48:35,"13,006,326","911,302","831,744","20,540","4,109","62,706","2,726","3,901",75,0,https://covid.gov.pk/
20,25,2021-05-28T05:19:24,"13,057,951","913,784","834,566","20,607","4,132","51,625","2,482","2,822",67,23,https://covid.gov.pk/
21,26,2021-05-29T05:50:05,"13,113,393","916,239","836,702","20,680","4,083","55,442","2,455","2,136",73,0,https://covid.gov.pk/
22,27,2021-05-30T05:30:19,"13,169,358","918,936","839,322","20,736","4,017","55,965","2,697","2,620",56,0,https://covid.gov.pk/
23,28,2021-05-31T05:38:15,"13,221,581","921,053","841,241","20,779","3,947","52,223","2,117","1,919",43,0,https://covid.gov.pk/
24,29,2021-06-01T05:52:55,"13,269,214","922,824","844,638","20,850","3,842","47,633","1,771","3,397",71,0,https://covid.gov.pk/
25,30,2021-06-02T05:43:41,"13,316,397","924,667","848,685","20,930","3,767","47,183","1,843","4,047",80,0,https://covid.gov.pk/
26,31,2021-06-03T05:38:57,"13,367,920","926,695","852,574","21,022","3,630","51,523","2,028","3,889",92,0,https://covid.gov.pk/
27,32,2021-06-04T05:24:44,"13,420,779","928,588","856,005","21,105","3,557","52,859","1,893","3,431",83,0,https://covid.gov.pk/
28,33,2021-06-05T05:02:50,"13,471,172","930,511","860,385","21,189","3,452","50,393","1,923","4,380",84,0,https://covid.gov.pk/
29,34,2021-06-06T10:32:31,"13,523,599","932,140","863,111","21,265","3,303","52,427","1,629","2,726",76,0,https://covid.gov.pk/
30,35,2021-06-07T05:17:55,"13,572,884","933,630","864,931","21,323","3,205","49,285","1,490","1,820",58,0,https://covid.gov.pk/
31,36,2021-06-08T05:13:05,"13,619,766","935,013","867,447","21,376","3,196","46,882","1,383","2,516",53,0,https://covid.gov.pk/
32,37,2021-06-09T04:26:16,"13,663,666","936,131","869,691","21,453","3,024","43,900","1,118","2,244",77,0,https://covid.gov.pk/
33,38,2021-06-10T04:19:01,"13,705,490","937,434","871,669","21,529","2,967","41,824","1,303","1,978",76,0,https://covid.gov.pk/
34,39,2021-06-11T04:07:22,"13,745,973","938,737","873,543","21,576","2,841","40,483","1,303","1,874",47,0,https://covid.gov.pk/
35,40,2021-06-12T04:04:10,"13,781,668","939,931","875,581","21,633","2,760","35,695","1,194","2,038",57,0,https://covid.gov.pk/
36,41,2021-06-13T05:09:04,"13,818,036","941,170","877,191","21,689","2,661","36,368","1,239","1,610",56,0,https://covid.gov.pk/
37,42,2021-06-14T04:05:42,"13,857,250","942,189","878,740","21,723","2,676","39,214","1,019","1,549",34,15,https://covid.gov.pk/
38,43,2021-06-15T04:05:47,"13,892,289","943,027","880,316","21,782","2,611","35,039",838,"1,576",59,0,https://covid.gov.pk/
39,44,2021-06-16T05:09:58,"13,934,493","944,065","882,332","21,828","2,490","42,113","1,038","2,016",46,0,https://covid.gov.pk/
40,45,2021-06-17T06:44:25,"13,971,689","945,184","887,095","21,874","2,494","37,196","1,119","4,763",46,4,https://covid.gov.pk/
41,46,2021-06-18T04:05:24,"14,026,336","946,227","888,505","21,913","2,413","54,647","1,043","1,410",39,0,https://covid.gov.pk/
42,47,2021-06-19T04:04:21,"14,072,605","947,218","889,787","21,940","2,296","46,269",991,"1,282",27,0,https://covid.gov.pk/
43,48,2021-06-20T11:32:18,"14,113,670","948,268","892,319","21,977","2,330","41,065","1,050","2,532",37,34,https://covid.gov.pk/
44,49,2021-06-21T04:05:06,"14,148,424","949,175","893,148","22,007","2,238","34,754",907,829,30,0,https://covid.gov.pk/
45,50,2021-06-22T04:06:20,"14,187,441","949,838","894,352","22,034","2,179","39,017",663,"1,204",27,0,https://covid.gov.pk/
46,51,2021-06-23T04:04:23,"14,232,960","950,768","895,690","22,073","2,173","45,519",930,"1,338",39,0,https://covid.gov.pk/
47,52,2021-06-24T04:03:13,"14,279,084","951,865","896,821","22,108","2,084","46,124","1,097","1,131",38,0,https://covid.gov.pk/
48,53,2021-06-25T04:05:51,"14,325,008","952,907","897,834","22,152","2,029","45,924","1,052","1,013",44,0,https://covid.gov.pk/
49,54,2021-06-26T04:06:03,"14,371,850","953,842","898,944","22,188","1,995","46,842",935,"1,110",36,0,https://covid.gov.pk/
50,55,2021-06-27T04:04:41,"14,416,394","954,743","900,291","22,211","1,941","44,544",901,"1,347",23,0,https://covid.gov.pk/
51,56,2021-06-28T04:05:43,"14,460,890","955,657","901,201","22,231","1,961","44,496",914,910,20,20,https://covid.gov.pk/
52,57,2021-06-29T04:04:52,"14,502,023","956,392","901,985","22,254","1,946","41,133",735,784,23,0,https://covid.gov.pk/
53,58,2021-06-30T04:04:37,"14,544,085","957,371","903,484","22,281","1,871","42,062",979,"1,499",27,0,https://covid.gov.pk/
54,59,2021-07-01T04:06:36,"14,590,230","958,408","904,320","22,321","1,844","46,145","1,037",836,40,0,https://covid.gov.pk/
55,60,2021-07-02T04:04:47,"14,637,171","959,685","905,430","22,345","1,863","46,941","1,277","1,110",24,19,https://covid.gov.pk/
56,61,2021-07-03T04:04:28,"14,685,198","961,085","906,387","22,379","1,871","48,027","1,400",957,34,8,https://covid.gov.pk/
57,62,2021-07-04T04:05:03,"14,733,030","962,313","907,284","22,408","1,875","47,832","1,228",897,29,4,https://covid.gov.pk/
58,63,2021-07-05T04:05:23,"14,778,275","963,660","907,934","22,427","1,894","45,245","1,347",650,19,19,https://covid.gov.pk/
59,64,2021-07-06T04:04:47,"14,815,639","964,490","908,648","22,452","1,968","37,364",830,714,25,74,https://covid.gov.pk/
60,65,2021-07-07T04:07:06,"14,861,926","966,007","909,525","22,469","1,941","46,287","1,517",877,17,0,https://covid.gov.pk/
61,66,2021-07-08T04:04:45,"14,911,743","967,633","910,609","22,493","1,980","50,531","1,683","1,084",24,39,https://covid.gov.pk/
62,67,2021-07-09T04:04:49,"14,960,221","969,476","911,383","22,520","1,971","47,528","1,737",774,25,0,https://covid.gov.pk/
63,68,2021-07-10T04:05:16,"15,008,355","971,304","912,295","22,555","2,049","48,134","1,828",912,35,78,https://covid.gov.pk/
64,69,2021-07-11T04:05:03,"15,056,787","973,284","913,203","22,582","2,119","48,382","1,980",908,27,70,https://covid.gov.pk/
65,70,2021-07-12T04:07:55,"15,103,802","975,092","913,873","22,597","2,162","47,015","1,808",670,15,43,https://covid.gov.pk/
66,71,2021-07-13T04:05:04,"15,152,403","976,867","914,605","22,618","2,181","43,790","1,590",732,21,19,https://covid.gov.pk/
67,72,2021-07-14T04:04:53,"15,199,875","978,847","915,343","22,642","2,258","47,472","1,980",738,24,77,https://covid.gov.pk/
68,73,2021-07-15T04:04:57,"15,248,785","981,392","916,373","22,689","2,336","48,910","2,545","1,030",47,78,https://covid.gov.pk/
69,74,2021-07-16T04:04:40,"15,286,475","983,719","917,329","22,720","2,388","37,690","2,327",956,31,52,https://covid.gov.pk/
70,75,2021-07-17T05:02:59,"15,345,158","986,668","918,329","22,760","2,508","49,247","2,783","1,000",39,120,https://covid.gov.pk/
71,76,2021-07-18T04:04:56,"15,393,974","989,275","919,163","22,781","2,508","48,816","2,607",834,21,0,https://covid.gov.pk/
72,77,2021-07-19T04:05:05,"15,443,477","991,727","920,066","22,811","2,532","49,503","2,452",903,30,24,https://covid.gov.pk/
73,78,2021-07-20T04:06:31,"15,484,282","993,872","921,095","22,848","2,697","40,805","2,145","1,029",37,65,https://covid.gov.pk/
74,79,2021-07-21T04:07:56,"15,525,468","996,451","922,034","22,888","2,590","41,186","2,579",939,40,0,https://covid.gov.pk/
75,80,2021-07-22T04:06:50,"15,559,684","998,609","922,929","22,928","2,525","34,216","2,158",895,40,0,https://covid.gov.pk/
76,81,2021-07-23T04:08:24,"15,584,899","1,000,034","923,472","22,939","2,525","25,215","1,425",543,11,0,https://covid.gov.pk/
77,82,2021-07-24T05:03:27,"15,622,535","1,001,875","924,782","22,971","2,551","37,636","1,841","1,310",32,26,https://covid.gov.pk/
78,83,2021-07-25T05:03:03,"15,667,114","1,004,694","925,958","23,016","2,573","44,579","2,819","1,176",45,22,https://covid.gov.pk/
79,84,2021-07-26T04:07:52,"15,717,061","1,008,446","927,599","23,048","2,677","49,947","3,752","1,641",32,104,https://covid.gov.pk/
80,85,2021-07-27T04:04:44,"15,766,473","1,011,708","928,722","23,087","2,722","49,412","3,262","1,123",39,45,https://covid.gov.pk/
81,86,2021-07-28T04:04:42,"15,818,764","1,015,827","935,742","23,133","2,898","52,291","4,119","7,020",44,176,https://covid.gov.pk/
82,87,2021-07-29T04:05:12,"15,878,471","1,020,324","937,354","23,209","3,084","59,707","4,497","1,612",76,186,https://covid.gov.pk/
83,88,2021-07-30T04:05:14,"15,936,674","1,024,861","938,843","23,295","3,117","58,203","4,537","1,489",86,33,https://covid.gov.pk/
84,89,2021-07-31T04:07:03,"15,995,153","1,029,811","940,164","23,360","3,187","58,479","4,950","1,321",65,70,https://covid.gov.pk/
85,90,2021-08-01T04:06:29,"16,052,118","1,034,837","941,659","23,422","3,208","56,965","5,026","1,495",62,21,https://covid.gov.pk/
86,91,2021-08-02T04:07:37,"16,108,532","1,039,695","943,020","23,462","3,441","56,414","4,858","1,361",40,233,https://covid.gov.pk/
87,92,2021-08-03T04:07:25,"16,158,330","1,043,277","944,375","23,529","3,398","49,798","3,582","1,355",67,0,https://covid.gov.pk/
88,93,2021-08-04T04:05:16,"16,215,728","1,047,999","945,829","23,575","3,858","57,398","4,722","1,454",46,460,https://covid.gov.pk/
89,94,2021-08-05T04:05:33,"16,278,190","1,053,660","952,616","23,635","4,050","62,462","5,661","6,787",60,192,https://covid.gov.pk/
90,95,2021-08-06T04:05:17,"16,336,171","1,058,405","954,711","23,702","4,157","57,981","4,745","2,095",67,107,https://covid.gov.pk/
91,96,2021-08-07T04:04:51,"16,393,404","1,063,125","959,491","23,797","4,275","57,233","4,720","4,780",95,118,https://covid.gov.pk/
92,97,2021-08-08T04:06:00,"16,448,406","1,067,580","961,639","23,865","4,282","55,002","4,455","2,148",68,7,https://covid.gov.pk/
93,98,2021-08-09T04:06:56,"16,501,934","1,071,620","964,404","23,918","3,805","53,528","4,040","2,765",53,0,https://covid.gov.pk/
94,99,2021-08-10T04:06:05,"16,551,440","1,075,504","967,073","24,004","4,530","49,506","3,884","2,669",86,725,https://covid.gov.pk/
95,100,2021-08-11T04:05:16,"16,616,130","1,080,360","972,098","24,085","4,513","65,690","4,856","5,025",81,0,https://covid.gov.pk/
96,101,2021-08-12T04:05:57,"16,675,527","1,085,294","975,474","24,187","4,584","59,397","4,934","3,376",102,71,https://covid.gov.pk/
97,102,2021-08-13T04:06:20,"16,735,031","1,089,913","979,411","24,266","4,656","59,504","4,619","3,937",79,72,https://covid.gov.pk/
98,103,2021-08-14T04:04:37,"16,794,167","1,094,699","983,754","24,339","4,729","59,136","4,786","4,343",73,73,https://covid.gov.pk/
99,104,2021-08-15T05:03:17,"16,848,371","1,098,410","986,795","24,406","4,792","54,204","3,711","3,041",67,63,https://covid.gov.pk/
100,105,2021-08-16T04:07:23,"16,902,015","1,102,079","989,013","24,478","4,787","53,644","3,669","2,218",72,0,https://covid.gov.pk/
101,106,2021-08-17T04:06:18,"16,950,196","1,105,300","993,304","24,573","4,896","48,181","3,221","4,291",95,109,https://covid.gov.pk/
102,107,2021-08-18T04:05:56,"17,007,656","1,109,274","996,426","24,639","4,885","57,460","3,974","3,122",66,0,https://covid.gov.pk/
103,108,2021-08-19T05:03:27,"17,063,290","1,113,647","999,403","24,713","4,939","55,634","4,373","2,977",74,54,https://covid.gov.pk/
104,109,2021-08-20T04:07:51,"17,115,272","17,115,272","1,002,430","24,783","4,893","51,982","3,239","3,027",70,0,https://covid.gov.pk/
105,110,2021-08-21T04:06:49,"17,169,042","1,119,970","1,006,078","24,848","5,151","53,770","3,084","3,648",65,258,https://covid.gov.pk/
106,111,2021-08-22T04:06:51,"17,222,569","1,123,812","1,009,555","24,923","5,301","53,527","3,842","3,477",75,150,https://covid.gov.pk/
107,112,2021-08-23T04:07:39,"17,276,450","1,127,584","1,012,662","25,003","5,390","53,881","3,772","3,107",80,89,https://covid.gov.pk/
108,113,2021-08-24T04:05:35,"17,336,393","1,131,659","1,015,519","25,094","5,513","59,943","4,075","2,857",91,123,https://covid.gov.pk/
109,114,2021-08-25T04:05:50,"17,397,803","1,135,858","1,019,434","25,220","5,586","61,410","4,199","3,915",141,73,https://covid.gov.pk/
110,115,2021-08-26T04:05:34,"17,459,249","1,140,411","1,022,847","25,320","5,476","61,466","4,553","3,413",85,0,https://covid.gov.pk/
111,116,2021-08-27T04:05:07,"17,520,285","1,144,341","1,026,082","25,415","5,515","62,496","4,016","3,235",95,39,https://covid.gov.pk/
112,117,2021-08-28T05:03:28,"17,585,023","1,148,572","1,029,930","25,535","5,596","61,306","4,191","3,848",120,81,https://covid.gov.pk/
113,118,2021-08-29T10:04:55,"17,647,941","1,152,481","1,033,373","25,604","5,639","62,918","3,909","3,443",69,43,https://covid.gov.pk/
114,119,2021-08-30T04:06:35,"17,704,220","1,156,281","1,036,921","25,670","5,612","56,279","3,800","3,548",66,0,https://covid.gov.pk/
115,120,2021-08-31T04:05:25,"17,756,332","1,160,119","1,039,758","25,788","5,542","52,112","3,838","2,837",118,0,https://covid.gov.pk/
116,121,2021-09-01T04:06:39,"17,809,969","1,163,688","1,043,898","25,889","5,690","53,637","3,559","4,140",101,148,https://covid.gov.pk/
117,122,2021-09-02T04:05:23,"17,871,620","1,167,791","1,048,872","25,978","4,717","61,651","4,103","4,874",89,27,https://covid.gov.pk/
118,123,2021-09-03T04:05:12,"17,931,365","1,171,578","1,055,467","26,035","5,606","59,745","3,787","6,595",57,0,https://covid.gov.pk/
119,124,2021-09-05T04:06:56,"18,053,326","1,179,305","1,060,881","26,175","5,506","57,908","3,747","2,940",61,0,https://covid.gov.pk/
120,125,2021-09-06T04:05:37,"18,110,457","1,182,918","1,064,319","26,232","5,606","57,131","3,613","3,438",57,100,https://covid.gov.pk/
121,126,2021-09-07T04:05:56,"18,162,771","1,186,234","1,067,589","26,330","5,478","52,314","3,316","3,270",98,0,https://covid.gov.pk/
122,127,2021-09-08T04:05:27,"18,223,308","1,190,136","1,071,976","26,413","5,389","60,537","3,902","4,387",83,0,https://covid.gov.pk/
123,128,2021-09-09T04:05:34,"18,286,469","1,194,198","1,076,112","26,497","5,383","63,161","4,062","4,136",84,0,https://covid.gov.pk/
124,129,2021-09-10T04:06:29,"18,347,597","1,197,887","1,079,867","26,580","5,362","61,128","3,689","3,755",83,0,https://covid.gov.pk/
125,130,2021-09-11T04:06:44,"18,410,778","1,201,367","1,082,988","26,662","5,373","63,181","3,480","3,121",82,11,https://covid.gov.pk/
126,131,2021-09-12T05:03:36,"18,468,570","1,204,520","1,086,785","26,720","5,370","57,792","3,153","3,797",58,0,https://covid.gov.pk/
127,132,2021-09-13T04:05:56,"18,521,728","1,207,508","1,090,176","26,787","5,066","53,158","2,988","3,391",67,0,https://covid.gov.pk/
128,133,2021-09-14T04:06:54,"18,568,658","1,210,082","1,097,416","26,865","5,304","47,419","2,580","7,240",78,238,https://covid.gov.pk/
129,134,2021-09-15T04:06:01,"18,625,952","1,212,809","1,108,339","26,938","5,122","56,733","2,714","10,923",73,0,https://covid.gov.pk/
130,135,2021-09-16T04:05:26,"18,682,730","1,215,821","1,112,236","27,004","5,039","56,778","3,012","3,897",66,0,https://covid.gov.pk/
131,136,2021-09-17T04:06:40,"18,740,356","1,218,749","1,125,952","27,072","4,960","57,626","2,928","13,716",68,0,https://covid.gov.pk/
132,137,2021-09-18T04:05:13,"18,797,433","1,221,261","1,129,562","27,135","5,117","57,077","2,512","3,610",63,157,https://covid.gov.pk/
133,138,2021-09-19T04:06:44,"18,852,460","1,223,841","1,132,726","27,206","4,964","55,027","2,580","3,164",71,0,https://covid.gov.pk/
134,139,2021-09-20T05:03:35,"18,903,808","1,226,008","1,135,038","27,246","4,840","51,348","2,167","2,312",40,0,https://covid.gov.pk/
135,140,2021-09-21T04:05:45,"18,950,039","1,227,905","1,137,656","27,327","4,846","46,231","1,897","2,618",81,6,https://covid.gov.pk/
136,141,2021-09-22T04:08:02,"19,001,178","1,230,238","1,140,917","27,374","4,641","51,139","2,333","3,261",47,0,https://covid.gov.pk/
137,142,2021-09-23T04:05:12,"19,049,329","1,232,595","1,143,605","27,432","4,561","48,151","2,357","2,688",58,0,https://covid.gov.pk/
138,143,2021-09-24T04:06:11,"19,102,117","1,234,828","1,146,394","27,482","4,409","52,788","2,233","2,789",50,0,https://covid.gov.pk/
139,144,2021-09-25T04:06:12,"19,147,075","1,236,888","1,157,322","27,524","4,267","44,958","2,060","10,928",42,0,https://covid.gov.pk/
140,145,2021-09-26T05:03:32,"19,191,787","1,238,668","1,160,412","27,566","4,199","44,712","1,780","3,090",42,0,https://covid.gov.pk/
141,146,2021-09-27T05:03:45,"19,240,519","1,240,425","1,162,177","27,597","4,033","48,732","1,757","1,765",31,0,https://covid.gov.pk/
142,147,2021-09-28T05:03:16,"19,284,635","1,241,825","1,164,219","27,638","4,015","44,116","1,400","2,042",41,0,https://covid.gov.pk/
143,148,2021-09-29T04:05:33,"19,333,471","1,243,385","1,167,189","27,690","3,948","48,836","1,560","2,970",52,0,https://covid.gov.pk/
